1.420399e+000
1.420399e+000
1.420398e+000
1.420398e+000
1.420398e+000
1.420397e+000
1.420397e+000
1.420397e+000
1.420396e+000
1.420396e+000
1.420396e+000
1.420396e+000
1.420395e+000
1.420395e+000
1.420395e+000
1.420395e+000
1.420394e+000
1.420394e+000
1.420393e+000
1.420393e+000
1.420393e+000
1.420393e+000
1.420392e+000
1.420391e+000
1.420391e+000
1.420391e+000
1.420390e+000
1.420390e+000
1.420389e+000
1.420389e+000
1.420389e+000
1.420388e+000
1.420388e+000
1.420388e+000
1.420387e+000
1.420387e+000
1.420387e+000
1.420386e+000
1.420386e+000
1.420386e+000
1.420386e+000
1.420385e+000
1.420385e+000
1.420385e+000
1.420385e+000
1.420385e+000
1.420384e+000
1.420383e+000
1.420383e+000
1.420383e+000
1.420382e+000
1.420382e+000
1.420382e+000
1.420381e+000
1.420381e+000
1.420381e+000
1.420380e+000
1.420380e+000
1.420380e+000
1.420380e+000
1.420379e+000
1.420379e+000
1.420379e+000
1.420379e+000
1.420378e+000
1.420378e+000
1.420378e+000
1.420377e+000
1.420377e+000
1.420377e+000
1.420376e+000
1.420376e+000
1.420376e+000
1.420376e+000
1.420376e+000
1.420375e+000
1.420375e+000
1.420374e+000
1.420374e+000
1.420374e+000
1.420374e+000
1.420373e+000
1.420372e+000
1.420372e+000
1.420372e+000
1.420371e+000
1.420371e+000
1.420370e+000
1.420370e+000
1.420370e+000
1.420370e+000
1.420369e+000
1.420369e+000
1.420368e+000
1.420368e+000
1.420367e+000
1.420367e+000
1.420366e+000
1.420366e+000
1.420365e+000
1.420365e+000
1.420365e+000
1.420365e+000
1.420364e+000
1.420364e+000
1.420363e+000
1.420363e+000
1.420363e+000
1.420362e+000
1.420362e+000
1.420362e+000
1.420362e+000
1.420361e+000
1.420361e+000
1.420360e+000
1.420360e+000
1.420359e+000
1.420359e+000
1.420359e+000
1.420358e+000
1.420358e+000
1.420357e+000
1.420357e+000
1.420357e+000
1.420356e+000
1.420356e+000
1.420356e+000
1.420355e+000
1.420355e+000
1.420355e+000
1.420354e+000
1.420354e+000
1.420354e+000
1.420353e+000
1.420353e+000
1.420352e+000
1.420352e+000
1.420352e+000
1.420351e+000
1.420351e+000
1.420351e+000
1.420350e+000
1.420350e+000
1.420349e+000
1.420349e+000
1.420348e+000
1.420348e+000
1.420348e+000
1.420348e+000
1.420347e+000
1.420104e+000
1.419799e+000
1.419286e+000
1.418578e+000
1.417413e+000
1.415871e+000
1.413913e+000
1.411564e+000
1.408944e+000
1.406094e+000
1.403127e+000
1.400154e+000
1.397173e+000
1.394154e+000
1.391208e+000
1.388295e+000
1.385410e+000
1.382528e+000
1.379648e+000
1.376822e+000
1.374015e+000
1.371211e+000
1.368411e+000
1.365642e+000
1.362933e+000
1.360228e+000
1.357543e+000
1.354817e+000
1.352162e+000
1.349505e+000
1.346859e+000
1.344302e+000
1.341691e+000
1.339067e+000
1.336493e+000
1.333926e+000
1.331417e+000
1.328871e+000
1.326310e+000
1.323803e+000
1.321317e+000
1.318866e+000
1.316374e+000
1.313872e+000
1.311456e+000
1.309058e+000
1.306598e+000
1.304198e+000
1.301830e+000
1.299445e+000
1.297078e+000
1.294751e+000
1.292381e+000
1.290042e+000
1.287662e+000
1.285315e+000
1.283053e+000
1.280787e+000
1.278546e+000
1.276291e+000
1.274001e+000
1.271793e+000
1.269574e+000
1.267365e+000
1.265128e+000
1.262880e+000
1.260667e+000
1.258476e+000
1.256302e+000
1.254158e+000
1.251938e+000
1.249764e+000
1.247580e+000
1.245391e+000
1.243278e+000
1.241190e+000
1.239097e+000
1.236920e+000
